99525200966703720
99525200966703840
99525200966703268
99525200966703443
99525200966703166
99525200966703212
99525200966703778
99525200966703975
99525200966703351
99525200966703838
99525200966703420
99525200966703468
99525200966703744
99525200966703569
99525200966703774
99525200966703000
99525200966703683
99525200966703555
99525200966703201
99525200966703236
99525200966703085
99525200966703582
99525200966703995
99525200966703400
99525200966703730
99525200966703693
99525200966703943
99525200966703967
99525200966703365
99525200966703966
99525200966703440
99525200966703719
99525200966703065
99525200966703278
99525200966703513
99525200966703508
99525200966703692
99525200966703052
99525200966703905
99525200966703232
99525200966703897
99525200966703678
99525200966703844
99525200966703071
99525200966703173
99525200966703820
99525200966703319
99525200966703700
99525200966703957
99525200966703759
99525200966703398
99525200966703028
99525200966703756
99525200966703956
99525200966703473
99525200966703380
99525200966703541
99525200966703032
99525200966703243
99525200966703830
99525200966703112
99525200966703884
99525200966703168
99525200966703026
99525200966703788
99525200966703877
99525200966703516
99525200966703890
99525200966703288
99525200966703893
99525200966703687
99525200966703659
99525200966703367
99525200966703160
99525200966703109
99525200966703819
99525200966703453
99525200966703973
99525200966703620
99525200966703329
99525200966703167
99525200966703478
99525200966703133
99525200966703422
99525200966703857
99525200966703825
99525200966703430
99525200966703633
99525200966703343
99525200966703512
99525200966703757
99525200966703514
99525200966703783
99525200966703657
99525200966703289
99525200966703722
99525200966703711
99525200966703332
99525200966703525
99525200966703972
99525200966703909
99525200966703800
99525200966703669
99525200966703378
99525200966703737
99525200966703230
99525200966703834
99525200966703145
99525200966703361
99525200966703707
99525200966703196
99525200966703141
99525200966703373
99525200966703839
99525200966703238
99525200966703258
99525200966703262
99525200966703101
99525200966703315
99525200966703679
99525200966703496
99525200966703155
99525200966703396
99525200966703406
99525200966703902
99525200966703599
99525200966703862
99525200966703999
99525200966703062
99525200966703560
99525200966703147
99525200966703646
99525200966703906
99525200966703280
99525200966703768
99525200966703715
99525200966703452
99525200966703935
99525200966703612
99525200966703572
99525200966703758
99525200966703824
99525200966703346
99525200966703111
99525200966703419
99525200966703868
99525200966703432
99525200966703137
99525200966703506
99525200966703600
99525200966703784
99525200966703387
99525200966703941
99525200966703102
99525200966703575
99525200966703925
99525200966703285
99525200966703556
99525200966703214
99525200966703787
99525200966703058
99525200966703732
99525200966703729
99525200966703104
99525200966703804
99525200966703015
99525200966703644
99525200966703548
99525200966703710
99525200966703296
99525200966703423
99525200966703623
99525200966703175
99525200966703363
99525200966703105
99525200966703462
99525200966703654
99525200966703876
99525200966703036
99525200966703960
99525200966703621
99525200966703358
99525200966703144
99525200966703593
99525200966703301
99525200966703001
99525200966703653
99525200966703994
99525200966703223
99525200966703039
99525200966703748
99525200966703721
99525200966703370
99525200966703009
99525200966703328
99525200966703008
99525200966703734
99525200966703842
99525200966703445
99525200966703091
99525200966703663
99525200966703010
99525200966703492
99525200966703383
99525200966703428
99525200966703476
99525200966703086
99525200966703368
99525200966703677
99525200966703537
99525200966703206
99525200966703466
99525200966703919
99525200966703527
99525200966703199
99525200966703439
99525200966703765
99525200966703224
99525200966703979
99525200966703806
99525200966703219
99525200966703379
99525200966703314
99525200966703675
99525200966703146
99525200966703946
99525200966703048
99525200966703750
99525200966703619
99525200966703875
99525200966703337
99525200966703929
99525200966703608
99525200966703523
99525200966703855
99525200966703510
99525200966703502
99525200966703316
99525200966703524
99525200966703576
99525200966703930
99525200966703040
99525200966703586
99525200966703077
99525200966703266
99525200966703851
99525200966703926
99525200966703566
99525200966703282
99525200966703335
99525200966703577
99525200966703753
99525200966703697
99525200966703658
99525200966703078
99525200966703592
99525200966703625
99525200966703684
99525200966703247
99525200966703451
99525200966703460
99525200966703726
99525200966703670
99525200966703771
99525200966703252
99525200966703497
99525200966703075
99525200966703950
99525200966703442
99525200966703261
99525200966703595
99525200966703932
99525200966703487
99525200966703887
99525200966703203
99525200966703283
99525200966703081
99525200966703320
99525200966703046
99525200966703764
99525200966703681
99525200966703813
99525200966703079
99525200966703567
99525200966703944
99525200966703461
99525200966703049
99525200966703656
99525200966703051
99525200966703809
99525200966703986
99525200966703204
99525200966703200
99525200966703639
99525200966703916
99525200966703981
99525200966703596
99525200966703193
99525200966703143
99525200966703140
99525200966703053
99525200966703630
99525200966703347
99525200966703129
99525200966703996
99525200966703284
99525200966703843
99525200966703165
99525200966703488
99525200966703209
99525200966703002
99525200966703425
99525200966703197
99525200966703828
99525200966703568
99525200966703273
99525200966703879
99525200966703391
99525200966703933
99525200966703211
99525200966703817
99525200966703045
99525200966703241
99525200966703318
99525200966703861
99525200966703873
99525200966703017
99525200966703557
99525200966703983
99525200966703158
99525200966703014
99525200966703061
99525200966703880
99525200966703591
99525200966703977
99525200966703961
99525200966703392
99525200966703457
99525200966703270
99525200966703829
99525200966703108
99525200966703182
99525200966703382
99525200966703210
99525200966703642
99525200966703411
99525200966703583
99525200966703360
99525200966703359
99525200966703120
99525200966703235
99525200966703035
99525200966703429
99525200966703899
99525200966703665
99525200966703176
99525200966703532
99525200966703712
99525200966703954
99525200966703293
99525200966703134
99525200966703826
99525200966703638
99525200966703097
99525200966703580
99525200966703172
99525200966703269
99525200966703393
99525200966703342
99525200966703922
99525200966703127
99525200966703098
99525200966703031
99525200966703482
99525200966703279
99525200966703070
99525200966703727
99525200966703974
99525200966703483
99525200966703631
99525200966703404
99525200966703444
99525200966703455
99525200966703449
99525200966703154
99525200966703841
99525200966703949
99525200966703191
99525200966703456
99525200966703562
99525200966703350
99525200966703418
99525200966703287
99525200966703886
99525200966703573
99525200966703740
99525200966703326
99525200966703762
99525200966703808
99525200966703033
99525200966703234
99525200966703585
99525200966703063
99525200966703413
99525200966703837
99525200966703792
99525200966703536
99525200966703550
99525200966703458
99525200966703799
99525200966703898
99525200966703885
99525200966703822
99525200966703664
99525200966703803
99525200966703807
99525200966703860
99525200966703246
99525200966703745
99525200966703985
99525200966703544
99525200966703934
99525200966703714
99525200966703891
99525200966703614
99525200966703485
99525200966703125
99525200966703089
99525200966703540
99525200966703090
99525200966703849
99525200966703769
99525200966703963
99525200966703652
99525200966703121
99525200966703480
99525200966703251
99525200966703414
99525200966703477
99525200966703067
99525200966703237
99525200966703416
99525200966703504
99525200966703962
99525200966703012
99525200966703850
99525200966703344
99525200966703655
99525200966703763
99525200966703047
99525200966703883
99525200966703027
99525200966703951
99525200966703645
99525200966703064
99525200966703499
99525200966703433
99525200966703138
99525200966703384
99525200966703776
99525200966703773
99525200966703255
99525200966703082
99525200966703811
99525200966703579
99525200966703259
99525200966703441
99525200966703274
99525200966703802
99525200966703123
99525200966703472
99525200966703194
99525200966703728
99525200966703135
99525200966703649
99525200966703467
99525200966703007
99525200966703256
99525200966703190
99525200966703395
99525200966703227
99525200966703533
99525200966703597
99525200966703869
99525200966703587
99525200966703424
99525200966703454
99525200966703023
99525200966703882
99525200966703704
99525200966703976
99525200966703584
99525200966703218
99525200966703632
99525200966703388
99525200966703170
99525200966703702
99525200966703696
99525200966703786
99525200966703434
99525200966703056
99525200966703794
99525200966703215
99525200966703142
99525200966703953
99525200966703611
99525200966703352
99525200966703117
99525200966703114
99525200966703233
99525200966703777
99525200966703549
99525200966703272
99525200966703310
99525200966703491
99525200966703171
99525200966703937
99525200966703464
99525200966703743
99525200966703417
99525200966703208
99525200966703735
99525200966703723
99525200966703534
99525200966703394
99525200966703291
99525200966703187
99525200966703686
99525200966703327
99525200966703766
99525200966703116
99525200966703399
99525200966703661
99525200966703717
99525200966703552
99525200966703866
99525200966703716
99525200966703250
99525200966703043
99525200966703570
99525200966703341
99525200966703713
99525200966703747
99525200966703791
99525200966703674
99525200966703152
99525200966703574
99525200966703029
99525200966703545
99525200966703207
99525200966703338
99525200966703563
99525200966703073
99525200966703066
99525200966703970
99525200966703275
99525200966703192
99525200966703793
99525200966703539
99525200966703708
99525200966703709
99525200966703239
99525200966703823
99525200966703333
99525200966703025
99525200966703509
99525200966703741
99525200966703607
99525200966703330
99525200966703815
99525200966703183
99525200966703228
99525200966703136
99525200966703908
99525200966703340
99525200966703505
99525200966703162
99525200966703955
99525200966703181
99525200966703812
99525200966703188
99525200966703969
99525200966703965
99525200966703888
99525200966703637
99525200966703617
99525200966703910
99525200966703754
99525200966703305
99525200966703867
99525200966703561
99525200966703057
99525200966703148
99525200966703019
99525200966703254
99525200966703060
99525200966703435
99525200966703307
99525200966703542
99525200966703845
99525200966703153
99525200966703202
99525200966703385
99525200966703833
99525200966703989
99525200966703369
99525200966703016
99525200966703578
99525200966703304
99525200966703041
99525200966703914
99525200966703151
99525200966703673
99525200966703295
99525200966703110
99525200966703103
99525200966703770
99525200966703059
99525200966703024
99525200966703489
99525200966703131
99525200966703498
99525200966703356
99525200966703427
99525200966703100
99525200966703701
99525200966703604
99525200966703069
99525200966703641
99525200966703517
99525200966703354
99525200966703835
99525200966703490
99525200966703099
99525200966703357
99525200966703469
99525200966703529
99525200966703781
99525200966703277
99525200966703294
99525200966703323
99525200966703177
99525200966703426
99525200966703242
99525200966703671
99525200966703772
99525200966703325
99525200966703795
99525200966703253
99525200966703613
99525200966703938
99525200966703915
99525200966703952
99525200966703374
99525200966703436
99525200966703606
99525200966703968
99525200966703495
99525200966703672
99525200966703797
99525200966703174
99525200966703923
99525200966703130
99525200966703624
99525200966703180
99525200966703987
99525200966703115
99525200966703546
99525200966703447
99525200966703636
99525200966703921
99525200966703511
99525200966703913
99525200966703971
99525200966703725
99525200966703559
99525200966703598
99525200966703030
99525200966703118
99525200966703407
99525200966703240
99525200966703881
99525200966703892
99525200966703366
99525200966703865
99525200966703185
99525200966703752
99525200966703345
99525200966703651
99525200966703403
99525200966703660
99525200966703313
99525200966703157
99525200966703074
99525200966703475
99525200966703668
99525200966703924
99525200966703163
99525200966703260
99525200966703789
99525200966703004
99525200966703980
99525200966703543
99525200966703431
99525200966703760
99525200966703648
99525200966703558
99525200966703084
99525200966703917
99525200966703437
99525200966703126
99525200966703682
99525200966703334
99525200966703705
99525200966703034
99525200966703159
99525200966703998
99525200966703889
99525200966703005
99525200966703554
99525200966703094
99525200966703465
99525200966703689
99525200966703920
99525200966703581
99525200966703448
99525200966703309
99525200966703481
99525200966703878
99525200966703618
99525200966703662
99525200966703936
99525200966703870
99525200966703415
99525200966703463
99525200966703895
99525200966703785
99525200966703050
99525200966703836
99525200966703959
99525200966703666
99525200966703055
99525200966703150
99525200966703339
99525200966703390
99525200966703217
99525200966703588
99525200966703362
99525200966703249
99525200966703267
99525200966703814
99525200966703317
99525200966703939
99525200966703018
99525200966703421
99525200966703738
99525200966703872
99525200966703945
99525200966703397
99525200966703042
99525200966703818
99525200966703948
99525200966703647
99525200966703984
99525200966703703
99525200966703205
99525200966703571
99525200966703178
99525200966703402
99525200966703589
99525200966703372
99525200966703106
99525200966703493
99525200966703991
99525200966703503
99525200966703124
99525200966703271
99525200966703538
99525200966703083
99525200966703832
99525200966703297
99525200966703501
99525200966703096
99525200966703531
99525200966703798
99525200966703198
99525200966703122
99525200966703958
99525200966703286
99525200966703553
99525200966703038
99525200966703928
99525200966703364
99525200966703161
99525200966703088
99525200966703276
99525200966703859
99525200966703997
99525200966703244
99525200966703854
99525200966703507
99525200966703718
99525200966703054
99525200966703821
99525200966703680
99525200966703300
99525200966703412
99525200966703733
99525200966703213
99525200966703942
99525200966703409
99525200966703874
99525200966703627
99525200966703095
99525200966703739
99525200966703355
99525200966703853
99525200966703474
99525200966703311
99525200966703500
99525200966703113
99525200966703298
99525200966703688
99525200966703265
99525200966703290
99525200966703037
99525200966703643
99525200966703551
99525200966703863
99525200966703790
99525200966703628
99525200966703827
99525200966703626
99525200966703520
99525200966703731
99525200966703635
99525200966703299
99525200966703221
99525200966703515
99525200966703565
99525200966703321
99525200966703494
99525200966703978
99525200966703848
99525200966703518
99525200966703871
99525200966703629
99525200966703522
99525200966703216
99525200966703691
99525200966703856
99525200966703139
99525200966703746
99525200966703690
99525200966703092
99525200966703526
99525200966703547
99525200966703128
99525200966703408
99525200966703459
99525200966703231
99525200966703020
99525200966703470
99525200966703810
99525200966703609
99525200966703011
99525200966703003
99525200966703990
99525200966703263
99525200966703900
99525200966703907
99525200966703044
99525200966703616
99525200966703864
99525200966703381
99525200966703590
99525200966703169
99525200966703076
99525200966703988
99525200966703992
99525200966703386
99525200966703226
99525200966703087
99525200966703755
99525200966703846
99525200966703742
99525200966703805
99525200966703264
99525200966703601
99525200966703695
99525200966703229
99525200966703107
99525200966703602
99525200966703685
99525200966703706
99525200966703780
99525200966703901
99525200966703257
99525200966703220
99525200966703736
99525200966703486
99525200966703894
99525200966703564
99525200966703225
99525200966703281
99525200966703248
99525200966703446
99525200966703751
99525200966703634
99525200966703348
99525200966703410
99525200966703377
99525200966703349
99525200966703918
99525200966703796
99525200966703189
99525200966703782
99525200966703816
99525200966703302
99525200966703761
99525200966703927
99525200966703964
99525200966703072
99525200966703376
99525200966703149
99525200966703164
99525200966703594
99525200966703528
99525200966703993
99525200966703530
99525200966703904
99525200966703156
99525200966703940
99525200966703479
99525200966703982
99525200966703292
99525200966703535
99525200966703694
99525200966703471
99525200966703132
99525200966703438
99525200966703676
99525200966703324
99525200966703245
99525200966703179
99525200966703484
99525200966703640
99525200966703667
99525200966703779
99525200966703119
99525200966703775
99525200966703184
99525200966703724
99525200966703013
99525200966703371
99525200966703222
99525200966703903
99525200966703521
99525200966703622
99525200966703450
99525200966703322
99525200966703353
99525200966703021
99525200966703852
99525200966703093
99525200966703858
99525200966703847
99525200966703186
99525200966703375
99525200966703603
99525200966703401
99525200966703312
99525200966703931
99525200966703080
99525200966703006
99525200966703605
99525200966703195
99525200966703331
99525200966703306
99525200966703308
99525200966703801
99525200966703615
99525200966703389
99525200966703698
99525200966703519
99525200966703911
99525200966703336
99525200966703303
99525200966703650
99525200966703912
99525200966703767
99525200966703405
99525200966703068
99525200966703749
99525200966703699
99525200966703947
99525200966703022
99525200966703610
99525200966703896
99525200966703831
